52406
31912
8752
44291
26786
30049
50826
6897
35676
19272
1723
57643
40512
9507
2319
15422
12522
1952
11479
28402
44525
35305
52810
53289
8743
59828
62536
29880
59746
18681
47135
25956
13555
44129
47530
39057
42235
39145
13905
38599
8291
38265
53079
42749
56190
607
54828
7773
1828
39188
11264
23679
64226
60099
44891
41934
12793
36784
38557
19390
5575
42383
25599
21020
5550
12987
48751
34886
52819
2291
1410
6867
11487
38781
64805
64541
20666
35571
12988
28421
866
11418
30826
5293
40103
48196
61297
8379
3649
53911
63337
49622
11828
36492
2095
4542
36998
33820
2066
38937
